# Created by Octave 3.4.0, Sat Jun 10 12:22:21 2017 MDT <nata@hooloovoo.local>
# name: seeds
# type: matrix
# rows: 50
# columns: 1
 53
 155
 161
 198
 263
 358
 364
 383
 405
 496
 688
 738
 783
 796
 838
 880
 927
 935
 1073
 1176
 1190
 1258
 1285
 1288
 1356
 1363
 1386
 1428
 1442
 1531
 1692
 1710
 1723
 1741
 1742
 1925
 1930
 2006
 2100
 2143
 2315
 2358
 2406
 2454
 2465
 2504
 2748
 2766
 2774
 2872


